        3
   1000  100
   10   3.0000000000e-001   9.3000000000e+002
   5.0000000000e+002   2.5000000000e+002   4.0000000000e-001


-3.4923387279280030000E+02	-8.7604102832204340000E+00	0.0000000000000000000E+00
 2.0000000000000001000E-01	0.0000000000000000000E+00	0.0000000000000000000E+00
 0.0000000000000000000E+00	0.0000000000000000000E+00	0.0000000000000000000E+00
 1.0000000000000000000E+00
 0.0000000000000000000E+00	0.0000000000000000000E+00	0.0000000000000000000E+00
 3.9602810318310163000E+04	5.3306411862058484000E+05	5.7643731625559833000E+05
 1.1089073927214087000E+06
 0.0000000000000000000E+00	1.0000000000000001000E-01
         12	        18	         8
 -6.6161489918832217000E+00	-9.5687926413056541000E+00	-4.9999999999999989000E-02
 -6.6503124138756675000E+00	-9.7100111546290986000E+00	-1.4999999999999999000E-01
 -6.6358979045016326000E+00	-9.5344392870567720000E+00	-4.9999999999999989000E-02
 -6.7396259150332867000E+00	-9.5546497732832183000E+00	-1.4999999999999999000E-01
 -4.3505547754777467000E+00	7.0570646221105582000E+00	-4.9999999999999989000E-02
 -4.4346299569060079000E+00	7.1795329252328131000E+00	-1.4999999999999999000E-01
 7.2408448974072712000E+00	4.3345499506454468000E+00	-4.9999999999999989000E-02
 7.3072609238363384000E+00	4.4216718303088873000E+00	-1.4999999999999999000E-01
 8.8720462482587550000E+00	1.3400587099443486000E+00	-4.9999999999999989000E-02
 8.9842438544283709000E+00	1.3431366796105051000E+00	-1.4999999999999999000E-01
 8.2630849241658098000E+00	5.9653277977085750000E-02	-4.9999999999999989000E-02
 8.3412149471309931000E+00	-8.8994403218913831000E-03	-1.4999999999999999000E-01
 -6.6161489918832217000E+00	-9.5687926413056541000E+00	4.9999999999999989000E-02
 -6.6503124138756675000E+00	-9.7100111546290986000E+00	1.4999999999999999000E-01
 -6.6358979045016326000E+00	-9.5344392870567720000E+00	4.9999999999999989000E-02
 -6.7396259150332867000E+00	-9.5546497732832183000E+00	1.4999999999999999000E-01
 -4.3505547754777467000E+00	7.0570646221105582000E+00	4.9999999999999989000E-02
 -4.4346299569060079000E+00	7.1795329252328131000E+00	1.4999999999999999000E-01
 7.2408448974072712000E+00	4.3345499506454468000E+00	4.9999999999999989000E-02
 7.3072609238363384000E+00	4.4216718303088873000E+00	1.4999999999999999000E-01
 8.8720462482587550000E+00	1.3400587099443486000E+00	4.9999999999999989000E-02
 8.9842438544283709000E+00	1.3431366796105051000E+00	1.4999999999999999000E-01
 8.2630849241658098000E+00	5.9653277977085750000E-02	4.9999999999999989000E-02
 8.3412149471309931000E+00	-8.8994403218913831000E-03	1.4999999999999999000E-01
          1	         2
          7	         8
          1	         7
          2	         3
          8	         9
          2	         8
          3	         4
          9	        10
          3	         9
          4	         5
         10	        11
          4	        10
          5	         6
         11	        12
          5	        11
          6	         1
         12	         7
          6	        12
          6	         1	         2	         3	         4	         5	         6
          6	         7	         8	         9	        10	        11	        12
          4	         1	         2	         7	         8
          4	         2	         3	         8	         9
          4	         3	         4	         9	        10
          4	         4	         5	        10	        11
          4	         5	         6	        11	        12
          4	         6	         1	        12	         7
 -2.1955982815874211000E+02	-7.6979893051571182000E+01	0.0000000000000000000E+00
 2.0000000000000001000E-01	0.0000000000000000000E+00	0.0000000000000000000E+00
 0.0000000000000000000E+00	0.0000000000000000000E+00	0.0000000000000000000E+00
 1.0000000000000000000E+00
 0.0000000000000000000E+00	0.0000000000000000000E+00	0.0000000000000000000E+00
 2.6166344485521447000E+04	2.1096737598642419000E+05	2.2289339640227688000E+05
 4.3346827722141822000E+05
 0.0000000000000000000E+00	1.0000000000000001000E-01
         12	        18	         8
 6.8126188149872178000E+00	-2.4187119125237189000E-01	-4.9999999999999989000E-02
 6.9374665175913890000E+00	-2.4812274068288787000E-01	-1.4999999999999999000E-01
 6.4386796301451739000E+00	-6.9165952962836741000E-01	-4.9999999999999989000E-02
 6.5051466198737558000E+00	-7.6813363101909715000E-01	-1.4999999999999999000E-01
 -3.7598600126314352000E+00	-6.9977080217742156000E+00	-4.9999999999999989000E-02
 -3.8282638582222717000E+00	-7.1575766146794990000E+00	-1.4999999999999999000E-01
 -5.1126750643128389000E+00	-6.0056997396178247000E-01	-4.9999999999999989000E-02
 -5.2122330236624634000E+00	-6.1311823196645321000E-01	-1.4999999999999999000E-01
 -5.2420455292969166000E+00	2.4519873046892684000E+00	-4.9999999999999989000E-02
 -5.3447144082161913000E+00	2.5128426645568709000E+00	-1.4999999999999999000E-01
 2.4386780306429898000E+00	6.2413428571585854000E+00	-4.9999999999999989000E-02
 2.4727408020769417000E+00	6.3696560332619754000E+00	-1.4999999999999999000E-01
 6.8126188149872178000E+00	-2.4187119125237189000E-01	4.9999999999999989000E-02
 6.9374665175913890000E+00	-2.4812274068288787000E-01	1.4999999999999999000E-01
 6.4386796301451739000E+00	-6.9165952962836741000E-01	4.9999999999999989000E-02
 6.5051466198737558000E+00	-7.6813363101909715000E-01	1.4999999999999999000E-01
 -3.7598600126314352000E+00	-6.9977080217742156000E+00	4.9999999999999989000E-02
 -3.8282638582222717000E+00	-7.1575766146794990000E+00	1.4999999999999999000E-01
 -5.1126750643128389000E+00	-6.0056997396178247000E-01	4.9999999999999989000E-02
 -5.2122330236624634000E+00	-6.1311823196645321000E-01	1.4999999999999999000E-01
 -5.2420455292969166000E+00	2.4519873046892684000E+00	4.9999999999999989000E-02
 -5.3447144082161913000E+00	2.5128426645568709000E+00	1.4999999999999999000E-01
 2.4386780306429898000E+00	6.2413428571585854000E+00	4.9999999999999989000E-02
 2.4727408020769417000E+00	6.3696560332619754000E+00	1.4999999999999999000E-01
          1	         2
          7	         8
          1	         7
          2	         3
          8	         9
          2	         8
          3	         4
          9	        10
          3	         9
          4	         5
         10	        11
          4	        10
          5	         6
         11	        12
          5	        11
          6	         1
         12	         7
          6	        12
          6	         1	         2	         3	         4	         5	         6
          6	         7	         8	         9	        10	        11	        12
          4	         1	         2	         7	         8
          4	         2	         3	         8	         9
          4	         3	         4	         9	        10
          4	         4	         5	        10	        11
          4	         5	         6	        11	        12
          4	         6	         1	        12	         7
-1.1219617091732685000E+02	6.0215455142652424000E+01	0.0000000000000000000E+00
 2.0000000000000001000E-01	0.0000000000000000000E+00	0.0000000000000000000E+00
 0.0000000000000000000E+00	0.0000000000000000000E+00	0.0000000000000000000E+00
 1.0000000000000000000E+00
 0.0000000000000000000E+00	0.0000000000000000000E+00	0.0000000000000000000E+00
 3.6988787122176305000E+04	4.9866645514420880000E+05	3.4627827429663419000E+05
 8.4438989763401041000E+05
 0.0000000000000000000E+00	1.0000000000000001000E-01
         14	        21	         9
 3.7779759288003021000E+00	-7.2448248322797184000E+00	-4.9999999999999989000E-02
 3.8495723539111708000E+00	-7.3673930864352997000E+00	-1.4999999999999999000E-01
 -4.8220227985482182000E+00	-4.9531370195897253000E+00	-4.9999999999999989000E-02
 -4.8552808643920997000E+00	-5.0477641348399374000E+00	-1.4999999999999999000E-01
 -7.2285686178556858000E+00	-3.8913054251236474000E+00	-4.9999999999999989000E-02
 -7.3591720118165682000E+00	-3.9429812098240689000E+00	-1.4999999999999999000E-01
 -4.0032337386340373000E+00	3.7007448893423671000E+00	-4.9999999999999989000E-02
 -4.0913295554505140000E+00	3.7491268277966299000E+00	-1.4999999999999999000E-01
 -6.3148582048444268000E-01	8.6005051007582267000E+00	-4.9999999999999989000E-02
 -6.8747284618842741000E-01	8.6955469262944405000E+00	-1.4999999999999999000E-01
 -1.4988199506231581000E-01	8.6471872197507693000E+00	-4.9999999999999989000E-02
 -1.1379718511665260000E-01	8.7511536180598242000E+00	-1.4999999999999999000E-01
 6.2894514622489197000E+00	2.4681402345667820000E+00	-4.9999999999999989000E-02
 6.4009190230857200000E+00	2.4997709536138899000E+00	-1.4999999999999999000E-01
 3.7779759288003021000E+00	-7.2448248322797184000E+00	4.9999999999999989000E-02
 3.8495723539111708000E+00	-7.3673930864352997000E+00	1.4999999999999999000E-01
 -4.8220227985482182000E+00	-4.9531370195897253000E+00	4.9999999999999989000E-02
 -4.8552808643920997000E+00	-5.0477641348399374000E+00	1.4999999999999999000E-01
 -7.2285686178556858000E+00	-3.8913054251236474000E+00	4.9999999999999989000E-02
 -7.3591720118165682000E+00	-3.9429812098240689000E+00	1.4999999999999999000E-01
 -4.0032337386340373000E+00	3.7007448893423671000E+00	4.9999999999999989000E-02
 -4.0913295554505140000E+00	3.7491268277966299000E+00	1.4999999999999999000E-01
 -6.3148582048444268000E-01	8.6005051007582267000E+00	4.9999999999999989000E-02
 -6.8747284618842741000E-01	8.6955469262944405000E+00	1.4999999999999999000E-01
 -1.4988199506231581000E-01	8.6471872197507693000E+00	4.9999999999999989000E-02
 -1.1379718511665260000E-01	8.7511536180598242000E+00	1.4999999999999999000E-01
 6.2894514622489197000E+00	2.4681402345667820000E+00	4.9999999999999989000E-02
 6.4009190230857200000E+00	2.4997709536138899000E+00	1.4999999999999999000E-01
          1	         2
          8	         9
          1	         8
          2	         3
          9	        10
          2	         9
          3	         4
         10	        11
          3	        10
          4	         5
         11	        12
          4	        11
          5	         6
         12	        13
          5	        12
          6	         7
         13	        14
          6	        13
          7	         1
         14	         8
          7	        14
          7	         1	         2	         3	         4	         5	         6	         7
          7	         8	         9	        10	        11	        12	        13	        14
          4	         1	         2	         8	         9
          4	         2	         3	         9	        10
          4	         3	         4	        10	        11
          4	         4	         5	        11	        12
          4	         5	         6	        12	        13
          4	         6	         7	        13	        14
          4	         7	         1	        14	         8