        5
   0.0000000000e+000   1.0000000000e-005
   1.0000000000e+008   3.0000000000e-001   9.3000000000e+002
   5.0000000000e+002   2.5000000000e+002   4.0000000000e-001

  -4.9161017249e+002   1.5135896726e+001   0.0000000000e+000
   0.0000000000e+000   0.0000000000e+000   0.0000000000e+000
   0.0000000000e+000   0.0000000000e+000   0.0000000000e+000   1.0000000000e+000
   0.0000000000e+000   0.0000000000e+000   0.0000000000e+000
   3.2102791290e+005   6.7800043204e+007   1.0251094210e+007   7.8039815829e+007
   2.0000000000e-002   5.0000000000e-002
       6       9       5
  -7.9488662094e+000  -2.1422986919e+001  -1.8000000000e-001
  -7.9988662094e+000  -2.1477281675e+001  -2.3000000000e-001
   1.5897732419e+001  -1.9455691518e+001  -1.8000000000e-001
   1.5969001476e+001  -1.9499981827e+001  -2.3000000000e-001
  -7.9488662094e+000   4.0878678437e+001  -1.8000000000e-001
  -7.9988662094e+000   4.1141211430e+001  -2.3000000000e-001
  -7.9488662094e+000  -2.1422986919e+001   1.8000000000e-001
  -7.9988662094e+000  -2.1477281675e+001   2.3000000000e-001
   1.5897732419e+001  -1.9455691518e+001   1.8000000000e-001
   1.5969001476e+001  -1.9499981827e+001   2.3000000000e-001
  -7.9488662094e+000   4.0878678437e+001   1.8000000000e-001
  -7.9988662094e+000   4.1141211430e+001   2.3000000000e-001
       1       2
       5       4
       1       4
       2       3
       6       5
       2       5
       3       1
       4       6
       3       6
       4       1       2       5       4
       4       2       3       6       5
       4       3       1       4       6
       3       1       2       3
       3       6       5       4
  -3.8362780647e+002   7.1696296563e+001   0.0000000000e+000
   0.0000000000e+000   0.0000000000e+000   0.0000000000e+000
   0.0000000000e+000   0.0000000000e+000   0.0000000000e+000   1.0000000000e+000
   0.0000000000e+000   0.0000000000e+000   0.0000000000e+000
   1.0528500183e+006   2.2891344402e+008   2.7660178500e+008   5.0547809851e+008
   2.0000000000e-002   5.0000000000e-002
       6       9       5
  -4.4273928501e+001  -4.9382360710e+000  -1.8000000000e-001
  -4.4376262081e+001  -4.9535498098e+000  -2.3000000000e-001
   3.2076293255e+001  -3.3309684206e+001  -1.8000000000e-001
   3.2150683966e+001  -3.3390668010e+001  -2.3000000000e-001
   1.2197635245e+001   3.8247920277e+001  -1.8000000000e-001
   1.2226013755e+001   3.8332567516e+001  -2.3000000000e-001
  -4.4273928501e+001  -4.9382360710e+000   1.8000000000e-001
  -4.4376262081e+001  -4.9535498098e+000   2.3000000000e-001
   3.2076293255e+001  -3.3309684206e+001   1.8000000000e-001
   3.2150683966e+001  -3.3390668010e+001   2.3000000000e-001
   1.2197635245e+001   3.8247920277e+001   1.8000000000e-001
   1.2226013755e+001   3.8332567516e+001   2.3000000000e-001
       1       2
       5       4
       1       4
       2       3
       6       5
       2       5
       3       1
       4       6
       3       6
       4       1       2       5       4
       4       2       3       6       5
       4       3       1       4       6
       3       1       2       3
       3       6       5       4
  -1.9798673289e+002  -2.0749633025e+001   0.0000000000e+000
   0.0000000000e+000   0.0000000000e+000   0.0000000000e+000
   0.0000000000e+000   0.0000000000e+000   0.0000000000e+000   1.0000000000e+000
   0.0000000000e+000   0.0000000000e+000   0.0000000000e+000
   1.1825209312e+006   3.4482303277e+008   3.0095762250e+008   6.4573895169e+008
   2.0000000000e-002   5.0000000000e-002
       8      12       6
  -3.9512490216e+001   4.8421498837e+000  -1.8000000000e-001
  -3.9585556166e+001   4.8336732616e+000  -2.3000000000e-001
   2.9376620302e+001  -4.5589878194e+001  -1.8000000000e-001
   2.9441776301e+001  -4.5699543715e+001  -2.3000000000e-001
   2.0131083181e+001   2.3345114814e+001  -1.8000000000e-001
   2.0176188957e+001   2.3384944336e+001  -2.3000000000e-001
  -1.5621996548e+001   3.2756978047e+001  -1.8000000000e-001
  -1.5639593714e+001   3.2813313881e+001  -2.3000000000e-001
  -3.9512490216e+001   4.8421498837e+000   1.8000000000e-001
  -3.9585556166e+001   4.8336732616e+000   2.3000000000e-001
   2.9376620302e+001  -4.5589878194e+001   1.8000000000e-001
   2.9441776301e+001  -4.5699543715e+001   2.3000000000e-001
   2.0131083181e+001   2.3345114814e+001   1.8000000000e-001
   2.0176188957e+001   2.3384944336e+001   2.3000000000e-001
  -1.5621996548e+001   3.2756978047e+001   1.8000000000e-001
  -1.5639593714e+001   3.2813313881e+001   2.3000000000e-001
       1       2
       6       5
       1       5
       2       3
       7       6
       2       6
       3       4
       8       7
       3       7
       4       1
       5       8
       4       8
       4       1       2       6       5
       4       2       3       7       6
       4       3       4       8       7
       4       4       1       5       8
       4       1       2       3       4
       4       8       7       6       5
  -3.1000919710e+002   8.4452168519e+001   0.0000000000e+000
   0.0000000000e+000   0.0000000000e+000   0.0000000000e+000
   0.0000000000e+000   0.0000000000e+000   0.0000000000e+000   1.0000000000e+000
   0.0000000000e+000   0.0000000000e+000   0.0000000000e+000
   3.6906788580e+006   2.4981166729e+009   3.5718890106e+009   6.0698755255e+009
   2.0000000000e-002   5.0000000000e-002
      14      21       9
  -5.8892962955e+001   3.8452657756e+001  -1.8000000000e-001
  -5.8948491029e+001   3.8502657756e+001  -2.3000000000e-001
  -5.7605064642e+001   2.6193734497e+001  -1.8000000000e-001
  -5.7654355603e+001   2.6184366225e+001  -2.3000000000e-001
  -3.7709238269e+001  -4.5425671288e+001  -1.8000000000e-001
  -3.7755437936e+001  -4.5446167348e+001  -2.3000000000e-001
  -2.6022268185e+001  -6.3896351732e+001  -1.8000000000e-001
  -2.6042886684e+001  -6.3957277570e+001  -2.3000000000e-001
   3.6529185418e+000  -5.2928855673e+001  -1.8000000000e-001
   3.6818917952e+000  -5.2971453155e+001  -2.3000000000e-001
   6.8447332132e+001   1.9439721657e+001  -1.8000000000e-001
   6.8488080974e+001   1.9410276273e+001  -2.3000000000e-001
   7.9364772321e+001   3.8452657756e+001  -1.8000000000e-001
   7.9451139589e+001   3.8502657756e+001  -2.3000000000e-001
  -5.8892962955e+001   3.8452657756e+001   1.8000000000e-001
  -5.8948491029e+001   3.8502657756e+001   2.3000000000e-001
  -5.7605064642e+001   2.6193734497e+001   1.8000000000e-001
  -5.7654355603e+001   2.6184366225e+001   2.3000000000e-001
  -3.7709238269e+001  -4.5425671288e+001   1.8000000000e-001
  -3.7755437936e+001  -4.5446167348e+001   2.3000000000e-001
  -2.6022268185e+001  -6.3896351732e+001   1.8000000000e-001
  -2.6042886684e+001  -6.3957277570e+001   2.3000000000e-001
   3.6529185418e+000  -5.2928855673e+001   1.8000000000e-001
   3.6818917952e+000  -5.2971453155e+001   2.3000000000e-001
   6.8447332132e+001   1.9439721657e+001   1.8000000000e-001
   6.8488080974e+001   1.9410276273e+001   2.3000000000e-001
   7.9364772321e+001   3.8452657756e+001   1.8000000000e-001
   7.9451139589e+001   3.8502657756e+001   2.3000000000e-001
       1       2
       9       8
       1       8
       2       3
      10       9
       2       9
       3       4
      11      10
       3      10
       4       5
      12      11
       4      11
       5       6
      13      12
       5      12
       6       7
      14      13
       6      13
       7       1
       8      14
       7      14
       4       1       2       9       8
       4       2       3      10       9
       4       3       4      11      10
       4       4       5      12      11
       4       5       6      13      12
       4       6       7      14      13
       4       7       1       8      14
       7       1       2       3       4       5       6       7
       7      14      13      12      11      10       9       8
  -9.0823518777e+001   5.1195539645e+001   0.0000000000e+000
   0.0000000000e+000   0.0000000000e+000   0.0000000000e+000
   0.0000000000e+000   0.0000000000e+000   0.0000000000e+000   1.0000000000e+000
   0.0000000000e+000   0.0000000000e+000   0.0000000000e+000
   8.9922736080e+005   4.2801068967e+008   1.0538592250e+008   5.3336489942e+008
   2.0000000000e-002   5.0000000000e-002
       8      12       6
  -2.8647059752e+001  -1.3681982489e+001  -1.8000000000e-001
  -2.8712706146e+001  -1.3688149191e+001  -2.3000000000e-001
   4.7052119504e+000  -4.5833275441e+001  -1.8000000000e-001
   4.7372647673e+000  -4.5933623312e+001  -2.3000000000e-001
   2.2312609267e+001   4.8054867679e+001  -1.8000000000e-001
   2.2365529003e+001   4.8065788740e+001  -2.3000000000e-001
   1.8795483462e+001   5.3280517197e+001  -1.8000000000e-001
   1.8796539042e+001   5.3368496605e+001  -2.3000000000e-001
  -2.8647059752e+001  -1.3681982489e+001   1.8000000000e-001
  -2.8712706146e+001  -1.3688149191e+001   2.3000000000e-001
   4.7052119504e+000  -4.5833275441e+001   1.8000000000e-001
   4.7372647673e+000  -4.5933623312e+001   2.3000000000e-001
   2.2312609267e+001   4.8054867679e+001   1.8000000000e-001
   2.2365529003e+001   4.8065788740e+001   2.3000000000e-001
   1.8795483462e+001   5.3280517197e+001   1.8000000000e-001
   1.8796539042e+001   5.3368496605e+001   2.3000000000e-001
       1       2
       6       5
       1       5
       2       3
       7       6
       2       6
       3       4
       8       7
       3       7
       4       1
       5       8
       4       8
       4       1       2       6       5
       4       2       3       7       6
       4       3       4       8       7
       4       4       1       5       8
       4       1       2       3       4
       4       8       7       6       5